Classification Report

              precision    recall  f1-score   support

     n000006       1.00      0.99      0.99        93
     n000007       0.99      0.96      0.97        93
     n000008       0.95      1.00      0.98        83
     n000010       0.97      0.98      0.97        98
     n000016       1.00      1.00      1.00        97
     n000017       1.00      0.97      0.99        73
     n000018       1.00      1.00      1.00        91
     n000019       1.00      1.00      1.00        86
     n000027       1.00      0.96      0.98        84
     n000033       0.97      1.00      0.99        76
     n000034       0.98      0.99      0.98        84
     n000035       0.97      0.98      0.98        65
     n000038       0.99      0.99      0.99        88
     n000042       1.00      0.96      0.98        79
     n000043       0.98      1.00      0.99        93
     n000048       0.99      0.99      0.99        76
     n000051       0.98      1.00      0.99        84
     n000053       1.00      0.99      0.99        97
     n000065       0.99      0.99      0.99        98
     n000069       0.96      0.97      0.96        96
     n000072       0.96      1.00      0.98        89
     n000076       0.99      0.97      0.98        93
     n000091       1.00      0.99      0.99        90
     n000094       0.98      1.00      0.99        86
     n000095       0.99      0.98      0.98        90
     n000098       1.00      1.00      1.00       100
     n000100       0.99      1.00      1.00       100
     n000103       0.98      0.99      0.98        98
     n000108       0.99      0.98      0.98        96
     n000110       1.00      0.99      0.99        97
     n000114       0.98      0.99      0.98        92
     n000124       0.98      0.97      0.97        97
     n000137       0.97      0.96      0.97        79
     n000139       1.00      1.00      1.00        99
     n000141       1.00      0.98      0.99        90
     n000143       0.99      1.00      0.99        76
     n000145       0.97      0.99      0.98        97
     n000159       1.00      0.98      0.99        95
     n000171       0.99      0.98      0.98        86
     n000172       0.99      1.00      0.99        85
     n000175       1.00      0.97      0.98        93
     n000177       0.99      0.99      0.99        93
     n000181       0.98      0.98      0.98        94
     n000185       0.99      0.99      0.99        94
     n000197       0.97      0.99      0.98        94
     n000201       0.98      0.99      0.98        88
     n000204       0.99      0.97      0.98        95
     n000206       1.00      0.99      0.99        90
     n000211       0.97      1.00      0.98        98
     n000232       0.87      0.94      0.90        85
     n000240       0.98      1.00      0.99        92
     n000252       1.00      1.00      1.00        84
     n000258       1.00      0.98      0.99        97
     n000264       0.99      1.00      0.99        92
     n000272       1.00      0.99      0.99        97
     n000274       1.00      1.00      1.00        85
     n000275       0.99      0.99      0.99        89
     n000278       0.92      0.91      0.92        79
     n000280       0.99      0.95      0.97        74
     n000286       0.99      1.00      0.99        97
     n000287       0.99      0.99      0.99        95
     n000290       0.98      0.98      0.98        98
     n000296       0.92      0.96      0.94        90
     n000297       1.00      0.98      0.99        96
     n000299       0.99      1.00      0.99        91
     n000303       0.97      0.99      0.98        89
     n000305       0.99      0.99      0.99        91
     n000308       0.98      0.99      0.98        88
     n000317       1.00      0.99      0.99        90
     n000321       0.99      0.99      0.99        93
     n000326       0.99      1.00      0.99        95
     n000332       1.00      0.97      0.98        95
     n000341       0.98      0.99      0.98        93
     n000342       0.99      1.00      0.99        76
     n000344       0.98      0.99      0.98        91
     n000346       1.00      1.00      1.00        98
     n000355       0.99      0.97      0.98        98
     n000356       0.99      0.98      0.98        90
     n000362       0.92      0.95      0.94        61
     n000367       1.00      0.99      0.99        95
     n000368       0.97      0.99      0.98        95
     n000371       0.98      0.97      0.97        90
     n000372       0.99      0.98      0.98        99
     n000374       1.00      1.00      1.00        98
     n000381       0.99      0.99      0.99        98
     n000398       1.00      1.00      1.00        99
     n000401       1.00      0.99      0.99        96
     n000408       0.98      0.97      0.97       100
     n000409       0.99      0.97      0.98        88
     n000421       1.00      1.00      1.00        99
     n000423       1.00      0.95      0.97        98
     n000440       0.98      0.99      0.98        93
     n000449       1.00      1.00      1.00        96
     n000461       0.97      0.97      0.97        97
     n000463       0.99      1.00      0.99        89
     n000470       0.97      0.97      0.97        70
     n000483       0.94      0.96      0.95        76
     n000487       0.99      0.98      0.98        97
     n000491       1.00      1.00      1.00        96
     n000502       1.00      0.98      0.99        92

    accuracy                           0.98      9058
   macro avg       0.98      0.98      0.98      9058
weighted avg       0.98      0.98      0.98      9058

